LOOKUP_DICT = {'mat:shark': [[206, 149, 87, 130, 138, 25, 176, 1], [231, 254, 5, 210, 82, 193, 136, 241], [185, 218, 77, 209, 158, 23, 131, 134], [208, 157, 38, 44, 93, 159, 109, 117], [82, 169, 7, 108, 185, 143, 112, 23], [135, 40, 58, 90, 244, 51, 11, 108], [116, 81, 21, 207, 9, 164, 98, 9], [11, 49, 127, 134, 190, 5, 131, 52]], 'mat:shark-inv': [[231, 48, 144, 133, 208, 75, 145, 65], [83, 149, 155, 165, 150, 188, 161, 104], [2, 69, 247, 101, 92, 31, 182, 82], [162, 202, 34, 148, 68, 99, 42, 162], [252, 103, 142, 16, 41, 117, 133, 113], [36, 69, 162, 207, 47, 34, 193, 14], [161, 241, 113, 64, 145, 39, 24, 165], [86, 244, 175, 50, 210, 164, 220, 113]], 'mat:square': [[2, 1, 1, 3], [3, 2, 1, 1], [1, 3, 2, 1], [1, 1, 3, 2]], 'mat:square-inv': [[14, 9, 13, 11], [11, 14, 9, 13], [13, 11, 14, 9], [9, 13, 11, 14]], 'mat:tavares': [[147, 19, 87, 218, 88, 71, 12, 31], [19, 147, 218, 87, 71, 88, 31, 12], [87, 218, 147, 19, 12, 31, 88, 71], [218, 87, 19, 147, 31, 12, 71, 88], [88, 71, 12, 31, 147, 19, 87, 218], [71, 88, 31, 12, 19, 147, 218, 87], [12, 31, 88, 71, 87, 218, 147, 19], [31, 12, 71, 88, 218, 87, 19, 147]], 'mat:khazad': [[1, 3, 4, 5, 6, 8, 11, 7], [3, 1, 5, 4, 8, 6, 7, 11], [4, 5, 1, 3, 11, 7, 6, 8], [5, 4, 3, 1, 7, 11, 8, 6], [6, 8, 11, 7, 1, 3, 4, 5], [8, 6, 7, 11, 3, 1, 5, 4], [11, 7, 6, 8, 4, 5, 1, 3], [7, 11, 8, 6, 5, 4, 3, 1]], 'mat:anubis': [[1, 2, 4, 6], [2, 1, 6, 4], [4, 6, 1, 2], [6, 4, 2, 1]], 'mat:anubis-ke': [[1, 1, 1, 1], [1, 2, 4, 8], [1, 6, 20, 120], [1, 8, 64, 58]], 'mat:anubis-ke-inv': [[113, 83, 124, 95], [140, 37, 195, 106], [163, 173, 113, 127], [95, 219, 206, 74]], 'mat:rijndael': [[2, 3, 1, 1], [1, 2, 3, 1], [1, 1, 2, 3], [3, 1, 1, 2]], 'mat:rijndael-inv': [[14, 11, 13, 9], [9, 14, 11, 13], [13, 9, 14, 11], [11, 13, 9, 14]], 'mat:bksq': [[3, 2, 2], [2, 3, 2], [2, 2, 3]], 'mat:bksq-inv': [[172, 173, 173], [173, 172, 173], [173, 173, 172]], 'mat:hierocrypt-3-lower': [[196, 101, 200, 139], [139, 196, 101, 200], [200, 139, 196, 101], [101, 200, 139, 196]], 'mat:hierocrypt-3-lower-inv': [[130, 196, 52, 246], [246, 130, 196, 52], [52, 246, 130, 196], [196, 52, 246, 130]], 'mat:hierocrypt-3-higher': [[5, 5, 10, 14], [14, 5, 5, 10], [10, 14, 5, 5], [5, 10, 14, 5]], 'mat:hierocrypt-3-higher-inv': [[11, 14, 14, 6], [6, 11, 14, 14], [14, 6, 11, 14], [14, 14, 6, 11]], 'mat:hierocrypt-l1-higher': [[5, 7], [10, 11]], 'mat:hierocrypt-l1-higher-inv': [[12, 10], [5, 11]], 'mat:fox-mu4': [[1, 1, 1, 2], [1, 253, 2, 1], [253, 2, 1, 1], [2, 1, 253, 1]], 'mat:fox-mu8': [[1, 1, 1, 1, 1, 1, 1, 3], [1, 3, 130, 2, 4, 252, 126, 1], [3, 130, 2, 4, 252, 126, 1, 1], [130, 2, 4, 252, 126, 1, 3, 1], [2, 4, 252, 126, 1, 3, 130, 1], [4, 252, 126, 1, 3, 130, 2, 1], [252, 126, 1, 3, 130, 2, 4, 1], [126, 1, 3, 130, 2, 4, 252, 1]], 'mat:fox-mu4-inv': [[126, 225, 173, 176], [126, 173, 176, 225], [126, 176, 225, 173], [195, 126, 126, 126]], 'mat:fox-mu8-inv': [[198, 254, 58, 115, 109, 12, 210, 183], [198, 58, 115, 109, 12, 210, 183, 254], [198, 115, 109, 12, 210, 183, 254, 58], [198, 109, 12, 210, 183, 254, 58, 115], [198, 12, 210, 183, 254, 58, 115, 109], [198, 210, 183, 254, 58, 115, 109, 12], [198, 183, 254, 58, 115, 109, 12, 210], [234, 198, 198, 198, 198, 198, 198, 198]], 'mat:curupira': [[3, 2, 2], [4, 5, 4], [6, 6, 7]], 'mat:curupira-ke': [[29, 28, 28], [28, 29, 28], [28, 28, 29]], 'mat:curupira-ke-inv': [[28, 29, 29], [29, 28, 29], [29, 29, 28]], 'mat:grostl': [[2, 2, 3, 4, 5, 3, 5, 7], [7, 2, 2, 3, 4, 5, 3, 5], [5, 7, 2, 2, 3, 4, 5, 3], [3, 5, 7, 2, 2, 3, 4, 5], [5, 3, 5, 7, 2, 2, 3, 4], [4, 5, 3, 5, 7, 2, 2, 3], [3, 4, 5, 3, 5, 7, 2, 2], [2, 3, 4, 5, 3, 5, 7, 2]], 'mat:grostl-inv': [[19, 90, 84, 114, 80, 223, 69, 83], [83, 19, 90, 84, 114, 80, 223, 69], [69, 83, 19, 90, 84, 114, 80, 223], [223, 69, 83, 19, 90, 84, 114, 80], [80, 223, 69, 83, 19, 90, 84, 114], [114, 80, 223, 69, 83, 19, 90, 84], [84, 114, 80, 223, 69, 83, 19, 90], [90, 84, 114, 80, 223, 69, 83, 19]], 'mat:led': [[4, 1, 2, 2], [8, 6, 5, 6], [11, 14, 10, 9], [2, 2, 15, 11]], 'mat:led-inv': [[12, 12, 13, 4], [3, 8, 4, 5], [7, 6, 2, 14], [13, 9, 9, 13]], 'mat:photon4x4': [[1, 2, 1, 4], [4, 9, 6, 17], [17, 38, 24, 66], [66, 149, 100, 11]], 'mat:photon4x4-inv': [[20, 26, 53, 12], [12, 12, 22, 5], [5, 6, 9, 2], [2, 1, 4, 1]], 'mat:photon_a100': [[1, 2, 9, 9, 2], [2, 5, 3, 8, 13], [13, 11, 10, 12, 1], [1, 15, 2, 3, 14], [14, 14, 8, 5, 12]], 'mat:photon_a100-inv': [[12, 5, 8, 14, 14], [14, 3, 2, 15, 1], [1, 12, 10, 11, 13], [13, 8, 3, 5, 2], [2, 9, 9, 2, 1]], 'mat:photon_a144': [[1, 2, 8, 5, 8, 2], [2, 5, 1, 2, 6, 12], [12, 9, 15, 8, 8, 13], [13, 5, 11, 3, 10, 1], [1, 15, 13, 14, 11, 8], [8, 2, 3, 3, 2, 8]], 'mat:photon_a144-inv': [[8, 2, 3, 3, 2, 8], [8, 11, 14, 13, 15, 1], [1, 10, 3, 11, 5, 13], [13, 8, 8, 15, 9, 12], [12, 6, 2, 1, 5, 2], [2, 8, 5, 8, 2, 1]], 'mat:photon_a196': [[1, 4, 6, 1, 1, 6, 4], [4, 2, 15, 2, 5, 10, 5], [5, 3, 15, 10, 7, 8, 13], [13, 4, 11, 2, 7, 15, 9], [9, 15, 7, 2, 11, 4, 13], [13, 8, 7, 10, 15, 3, 5], [5, 10, 5, 2, 15, 2, 4]], 'mat:photon_a196-inv': [[4, 2, 15, 2, 5, 10, 5], [5, 3, 15, 10, 7, 8, 13], [13, 4, 11, 2, 7, 15, 9], [9, 15, 7, 2, 11, 4, 13], [13, 8, 7, 10, 15, 3, 5], [5, 10, 5, 2, 15, 2, 4], [4, 6, 1, 1, 6, 4, 1]], 'mat:photon_a256': [[2, 4, 2, 11, 2, 8, 5, 6], [12, 9, 8, 13, 7, 7, 5, 2], [4, 4, 13, 13, 9, 4, 13, 9], [1, 6, 5, 1, 12, 13, 15, 14], [15, 12, 9, 13, 14, 5, 14, 13], [9, 14, 5, 15, 4, 12, 9, 6], [12, 2, 2, 10, 3, 1, 1, 14], [15, 1, 13, 10, 5, 10, 2, 3]], 'mat:photon_a256-inv': [[4, 7, 9, 10, 12, 12, 3, 15], [13, 13, 10, 10, 7, 13, 10, 7], [14, 2, 3, 14, 4, 10, 5, 11], [5, 4, 7, 10, 11, 3, 11, 10], [7, 11, 3, 5, 13, 4, 7, 2], [4, 15, 15, 6, 1, 14, 14, 11], [5, 14, 10, 6, 3, 6, 15, 1], [2, 1, 12, 1, 4, 11, 3, 9]], 'mat:photon_a288': [[2, 3, 1, 2, 1, 4], [8, 14, 7, 9, 6, 17], [34, 59, 31, 37, 24, 66], [132, 228, 121, 155, 103, 11], [22, 153, 239, 111, 144, 75], [150, 203, 210, 121, 36, 167]], 'mat:photon_a288-inv': [[21, 80, 235, 98, 121, 153], [41, 165, 201, 194, 251, 43], [86, 84, 142, 159, 233, 87], [174, 175, 3, 32, 200, 174], [71, 71, 1, 68, 142, 70], [140, 141, 1, 141, 2, 141]], 'mat:joltik': [[1, 4, 9, 13], [4, 1, 13, 9], [9, 13, 1, 4], [13, 9, 4, 1]], 'mat:cui_jin': [[1, 18, 4, 22], [18, 1, 22, 4], [4, 22, 1, 18], [22, 4, 18, 1]], 'mat:gupta_ray_0': [[1, 2, 3, 208], [2, 1, 208, 3], [3, 208, 1, 2], [208, 3, 2, 1]], 'mat:gupta_ray_0-inv': [[152, 43, 179, 122], [43, 152, 122, 179], [179, 122, 152, 43], [122, 179, 43, 152]], 'mat:gupta_ray_1': [[122, 244, 142, 1], [244, 122, 1, 142], [142, 1, 122, 244], [1, 142, 244, 122]], 'mat:gupta_ray_3x3': [[122, 244, 142], [244, 122, 1], [142, 1, 122]], 'mat:gupta_ray_3x3-inv': [[170, 247, 140], [247, 243, 6], [140, 6, 137]], 'mat:gupta_ray_2': [[1, 2, 252, 254], [2, 1, 254, 252], [252, 254, 1, 2], [254, 252, 2, 1]], 'mat:gupta_ray_3': [[1, 2, 6, 140, 48, 251, 135, 196], [2, 1, 140, 6, 251, 48, 196, 135], [6, 140, 1, 2, 135, 196, 48, 251], [140, 6, 2, 1, 196, 135, 251, 48], [48, 251, 135, 196, 1, 2, 6, 140], [251, 48, 196, 135, 2, 1, 140, 6], [135, 196, 48, 251, 6, 140, 1, 2], [196, 135, 251, 48, 140, 6, 2, 1]], 'mat:gupta_ray_4': [[1, 3, 8, 178, 13, 96, 232, 28, 15, 44, 162, 139, 201, 122, 172, 53], [3, 1, 178, 8, 96, 13, 28, 232, 44, 15, 139, 162, 122, 201, 53, 172], [8, 178, 1, 3, 232, 28, 13, 96, 162, 139, 15, 44, 172, 53, 201, 122], [178, 8, 3, 1, 28, 232, 96, 13, 139, 162, 44, 15, 53, 172, 122, 201], [13, 96, 232, 28, 1, 3, 8, 178, 201, 122, 172, 53, 15, 44, 162, 139], [96, 13, 28, 232, 3, 1, 178, 8, 122, 201, 53, 172, 44, 15, 139, 162], [232, 28, 13, 96, 8, 178, 1, 3, 172, 53, 201, 122, 162, 139, 15, 44], [28, 232, 96, 13, 178, 8, 3, 1, 53, 172, 122, 201, 139, 162, 44, 15], [15, 44, 162, 139, 201, 122, 172, 53, 1, 3, 8, 178, 13, 96, 232, 28], [44, 15, 139, 162, 122, 201, 53, 172, 3, 1, 178, 8, 96, 13, 28, 232], [162, 139, 15, 44, 172, 53, 201, 122, 8, 178, 1, 3, 232, 28, 13, 96], [139, 162, 44, 15, 53, 172, 122, 201, 178, 8, 3, 1, 28, 232, 96, 13], [201, 122, 172, 53, 15, 44, 162, 139, 13, 96, 232, 28, 1, 3, 8, 178], [122, 201, 53, 172, 44, 15, 139, 162, 96, 13, 28, 232, 3, 1, 178, 8], [172, 53, 201, 122, 162, 139, 15, 44, 232, 28, 13, 96, 8, 178, 1, 3], [53, 172, 122, 201, 139, 162, 44, 15, 28, 232, 96, 13, 178, 8, 3, 1]], 'mat:khoo-7': [[1, 2, 8, 9], [2, 1, 9, 8], [8, 9, 1, 2], [9, 8, 2, 1]], 'mat:khoo-7-inv': [[13, 9, 2, 15], [9, 13, 15, 2], [2, 15, 13, 9], [15, 2, 9, 13]], 'mat:khoo-8': [[1, 2, 4, 145], [2, 1, 145, 4], [4, 145, 1, 2], [145, 4, 2, 1]], 'mat:khoo-8-inv': [[39, 78, 156, 121], [78, 39, 121, 156], [156, 121, 39, 78], [121, 156, 78, 39]], 'mat:gupta_ray_5': [[1, 2, 4, 105, 7, 236, 204, 114, 11, 84, 41, 190, 116, 249, 196, 135, 14, 71, 194, 195, 57, 142, 28, 133, 85, 38, 30, 175, 104, 182, 89, 31], [2, 1, 105, 4, 236, 7, 114, 204, 84, 11, 190, 41, 249, 116, 135, 196, 71, 14, 195, 194, 142, 57, 133, 28, 38, 85, 175, 30, 182, 104, 31, 89], [4, 105, 1, 2, 204, 114, 7, 236, 41, 190, 11, 84, 196, 135, 116, 249, 194, 195, 14, 71, 28, 133, 57, 142, 30, 175, 85, 38, 89, 31, 104, 182], [105, 4, 2, 1, 114, 204, 236, 7, 190, 41, 84, 11, 135, 196, 249, 116, 195, 194, 71, 14, 133, 28, 142, 57, 175, 30, 38, 85, 31, 89, 182, 104], [7, 236, 204, 114, 1, 2, 4, 105, 116, 249, 196, 135, 11, 84, 41, 190, 57, 142, 28, 133, 14, 71, 194, 195, 104, 182, 89, 31, 85, 38, 30, 175], [236, 7, 114, 204, 2, 1, 105, 4, 249, 116, 135, 196, 84, 11, 190, 41, 142, 57, 133, 28, 71, 14, 195, 194, 182, 104, 31, 89, 38, 85, 175, 30], [204, 114, 7, 236, 4, 105, 1, 2, 196, 135, 116, 249, 41, 190, 11, 84, 28, 133, 57, 142, 194, 195, 14, 71, 89, 31, 104, 182, 30, 175, 85, 38], [114, 204, 236, 7, 105, 4, 2, 1, 135, 196, 249, 116, 190, 41, 84, 11, 133, 28, 142, 57, 195, 194, 71, 14, 31, 89, 182, 104, 175, 30, 38, 85], [11, 84, 41, 190, 116, 249, 196, 135, 1, 2, 4, 105, 7, 236, 204, 114, 85, 38, 30, 175, 104, 182, 89, 31, 14, 71, 194, 195, 57, 142, 28, 133], [84, 11, 190, 41, 249, 116, 135, 196, 2, 1, 105, 4, 236, 7, 114, 204, 38, 85, 175, 30, 182, 104, 31, 89, 71, 14, 195, 194, 142, 57, 133, 28], [41, 190, 11, 84, 196, 135, 116, 249, 4, 105, 1, 2, 204, 114, 7, 236, 30, 175, 85, 38, 89, 31, 104, 182, 194, 195, 14, 71, 28, 133, 57, 142], [190, 41, 84, 11, 135, 196, 249, 116, 105, 4, 2, 1, 114, 204, 236, 7, 175, 30, 38, 85, 31, 89, 182, 104, 195, 194, 71, 14, 133, 28, 142, 57], [116, 249, 196, 135, 11, 84, 41, 190, 7, 236, 204, 114, 1, 2, 4, 105, 104, 182, 89, 31, 85, 38, 30, 175, 57, 142, 28, 133, 14, 71, 194, 195], [249, 116, 135, 196, 84, 11, 190, 41, 236, 7, 114, 204, 2, 1, 105, 4, 182, 104, 31, 89, 38, 85, 175, 30, 142, 57, 133, 28, 71, 14, 195, 194], [196, 135, 116, 249, 41, 190, 11, 84, 204, 114, 7, 236, 4, 105, 1, 2, 89, 31, 104, 182, 30, 175, 85, 38, 28, 133, 57, 142, 194, 195, 14, 71], [135, 196, 249, 116, 190, 41, 84, 11, 114, 204, 236, 7, 105, 4, 2, 1, 31, 89, 182, 104, 175, 30, 38, 85, 133, 28, 142, 57, 195, 194, 71, 14], [14, 71, 194, 195, 57, 142, 28, 133, 85, 38, 30, 175, 104, 182, 89, 31, 1, 2, 4, 105, 7, 236, 204, 114, 11, 84, 41, 190, 116, 249, 196, 135], [71, 14, 195, 194, 142, 57, 133, 28, 38, 85, 175, 30, 182, 104, 31, 89, 2, 1, 105, 4, 236, 7, 114, 204, 84, 11, 190, 41, 249, 116, 135, 196], [194, 195, 14, 71, 28, 133, 57, 142, 30, 175, 85, 38, 89, 31, 104, 182, 4, 105, 1, 2, 204, 114, 7, 236, 41, 190, 11, 84, 196, 135, 116, 249], [195, 194, 71, 14, 133, 28, 142, 57, 175, 30, 38, 85, 31, 89, 182, 104, 105, 4, 2, 1, 114, 204, 236, 7, 190, 41, 84, 11, 135, 196, 249, 116], [57, 142, 28, 133, 14, 71, 194, 195, 104, 182, 89, 31, 85, 38, 30, 175, 7, 236, 204, 114, 1, 2, 4, 105, 116, 249, 196, 135, 11, 84, 41, 190], [142, 57, 133, 28, 71, 14, 195, 194, 182, 104, 31, 89, 38, 85, 175, 30, 236, 7, 114, 204, 2, 1, 105, 4, 249, 116, 135, 196, 84, 11, 190, 41], [28, 133, 57, 142, 194, 195, 14, 71, 89, 31, 104, 182, 30, 175, 85, 38, 204, 114, 7, 236, 4, 105, 1, 2, 196, 135, 116, 249, 41, 190, 11, 84], [133, 28, 142, 57, 195, 194, 71, 14, 31, 89, 182, 104, 175, 30, 38, 85, 114, 204, 236, 7, 105, 4, 2, 1, 135, 196, 249, 116, 190, 41, 84, 11], [85, 38, 30, 175, 104, 182, 89, 31, 14, 71, 194, 195, 57, 142, 28, 133, 11, 84, 41, 190, 116, 249, 196, 135, 1, 2, 4, 105, 7, 236, 204, 114], [38, 85, 175, 30, 182, 104, 31, 89, 71, 14, 195, 194, 142, 57, 133, 28, 84, 11, 190, 41, 249, 116, 135, 196, 2, 1, 105, 4, 236, 7, 114, 204], [30, 175, 85, 38, 89, 31, 104, 182, 194, 195, 14, 71, 28, 133, 57, 142, 41, 190, 11, 84, 196, 135, 116, 249, 4, 105, 1, 2, 204, 114, 7, 236], [175, 30, 38, 85, 31, 89, 182, 104, 195, 194, 71, 14, 133, 28, 142, 57, 190, 41, 84, 11, 135, 196, 249, 116, 105, 4, 2, 1, 114, 204, 236, 7], [104, 182, 89, 31, 85, 38, 30, 175, 57, 142, 28, 133, 14, 71, 194, 195, 116, 249, 196, 135, 11, 84, 41, 190, 7, 236, 204, 114, 1, 2, 4, 105], [182, 104, 31, 89, 38, 85, 175, 30, 142, 57, 133, 28, 71, 14, 195, 194, 249, 116, 135, 196, 84, 11, 190, 41, 236, 7, 114, 204, 2, 1, 105, 4], [89, 31, 104, 182, 30, 175, 85, 38, 28, 133, 57, 142, 194, 195, 14, 71, 196, 135, 116, 249, 41, 190, 11, 84, 204, 114, 7, 236, 4, 105, 1, 2], [31, 89, 182, 104, 175, 30, 38, 85, 133, 28, 142, 57, 195, 194, 71, 14, 135, 196, 249, 116, 190, 41, 84, 11, 114, 204, 236, 7, 105, 4, 2, 1]], 'mat:khoo': [[15, 2, 12, 5, 10, 4, 3, 8], [2, 15, 5, 12, 4, 10, 8, 3], [12, 5, 15, 2, 3, 8, 10, 4], [5, 12, 2, 15, 8, 3, 4, 10], [10, 4, 3, 8, 15, 2, 12, 5], [4, 10, 8, 3, 2, 15, 5, 12], [3, 8, 10, 4, 12, 5, 15, 2], [8, 3, 4, 10, 5, 12, 2, 15]], 'mat:khoo-2': [[1, 2, 176, 178], [2, 1, 178, 176], [176, 178, 1, 2], [178, 176, 2, 1]], 'mat:khoo-3': [[1, 2, 3, 145, 4, 112, 5, 225], [2, 1, 145, 3, 112, 4, 225, 5], [3, 145, 1, 2, 5, 225, 4, 112], [145, 3, 2, 1, 225, 5, 112, 4], [4, 112, 5, 225, 1, 2, 3, 145], [112, 4, 225, 5, 2, 1, 145, 3], [5, 225, 4, 112, 3, 145, 1, 2], [225, 5, 112, 4, 145, 3, 2, 1]], 'mat:khoo-4': [[2, 3, 4, 12, 5, 10, 8, 15], [3, 2, 12, 4, 10, 5, 15, 8], [4, 12, 2, 3, 8, 15, 5, 10], [12, 4, 3, 2, 15, 8, 10, 5], [5, 10, 8, 15, 2, 3, 4, 12], [10, 5, 15, 8, 3, 2, 12, 4], [8, 15, 5, 10, 4, 12, 2, 3], [15, 8, 10, 5, 12, 4, 3, 2]], 'mat:khoo-5': [[8, 22, 138, 1, 112, 141, 36, 118, 168, 145, 173, 72, 5, 181, 175, 248], [22, 8, 1, 138, 141, 112, 118, 36, 145, 168, 72, 173, 181, 5, 248, 175], [138, 1, 8, 22, 36, 118, 112, 141, 173, 72, 168, 145, 175, 248, 5, 181], [1, 138, 22, 8, 118, 36, 141, 112, 72, 173, 145, 168, 248, 175, 181, 5], [112, 141, 36, 118, 8, 22, 138, 1, 5, 181, 175, 248, 168, 145, 173, 72], [141, 112, 118, 36, 22, 8, 1, 138, 181, 5, 248, 175, 145, 168, 72, 173], [36, 118, 112, 141, 138, 1, 8, 22, 175, 248, 5, 181, 173, 72, 168, 145], [118, 36, 141, 112, 1, 138, 22, 8, 248, 175, 181, 5, 72, 173, 145, 168], [168, 145, 173, 72, 5, 181, 175, 248, 8, 22, 138, 1, 112, 141, 36, 118], [145, 168, 72, 173, 181, 5, 248, 175, 22, 8, 1, 138, 141, 112, 118, 36], [173, 72, 168, 145, 175, 248, 5, 181, 138, 1, 8, 22, 36, 118, 112, 141], [72, 173, 145, 168, 248, 175, 181, 5, 1, 138, 22, 8, 118, 36, 141, 112], [5, 181, 175, 248, 168, 145, 173, 72, 112, 141, 36, 118, 8, 22, 138, 1], [181, 5, 248, 175, 145, 168, 72, 173, 141, 112, 118, 36, 22, 8, 1, 138], [175, 248, 5, 181, 173, 72, 168, 145, 36, 118, 112, 141, 138, 1, 8, 22], [248, 175, 181, 5, 72, 173, 145, 168, 118, 36, 141, 112, 1, 138, 22, 8]], 'mat:khoo-6': [[210, 6, 5, 77, 33, 248, 17, 98, 8, 216, 233, 40, 75, 166, 16, 44, 161, 73, 76, 209, 89, 178, 19, 164, 3, 195, 66, 121, 160, 111, 171, 65], [6, 210, 77, 5, 248, 33, 98, 17, 216, 8, 40, 233, 166, 75, 44, 16, 73, 161, 209, 76, 178, 89, 164, 19, 195, 3, 121, 66, 111, 160, 65, 171], [5, 77, 210, 6, 17, 98, 33, 248, 233, 40, 8, 216, 16, 44, 75, 166, 76, 209, 161, 73, 19, 164, 89, 178, 66, 121, 3, 195, 171, 65, 160, 111], [77, 5, 6, 210, 98, 17, 248, 33, 40, 233, 216, 8, 44, 16, 166, 75, 209, 76, 73, 161, 164, 19, 178, 89, 121, 66, 195, 3, 65, 171, 111, 160], [33, 248, 17, 98, 210, 6, 5, 77, 75, 166, 16, 44, 8, 216, 233, 40, 89, 178, 19, 164, 161, 73, 76, 209, 160, 111, 171, 65, 3, 195, 66, 121], [248, 33, 98, 17, 6, 210, 77, 5, 166, 75, 44, 16, 216, 8, 40, 233, 178, 89, 164, 19, 73, 161, 209, 76, 111, 160, 65, 171, 195, 3, 121, 66], [17, 98, 33, 248, 5, 77, 210, 6, 16, 44, 75, 166, 233, 40, 8, 216, 19, 164, 89, 178, 76, 209, 161, 73, 171, 65, 160, 111, 66, 121, 3, 195], [98, 17, 248, 33, 77, 5, 6, 210, 44, 16, 166, 75, 40, 233, 216, 8, 164, 19, 178, 89, 209, 76, 73, 161, 65, 171, 111, 160, 121, 66, 195, 3], [8, 216, 233, 40, 75, 166, 16, 44, 210, 6, 5, 77, 33, 248, 17, 98, 3, 195, 66, 121, 160, 111, 171, 65, 161, 73, 76, 209, 89, 178, 19, 164], [216, 8, 40, 233, 166, 75, 44, 16, 6, 210, 77, 5, 248, 33, 98, 17, 195, 3, 121, 66, 111, 160, 65, 171, 73, 161, 209, 76, 178, 89, 164, 19], [233, 40, 8, 216, 16, 44, 75, 166, 5, 77, 210, 6, 17, 98, 33, 248, 66, 121, 3, 195, 171, 65, 160, 111, 76, 209, 161, 73, 19, 164, 89, 178], [40, 233, 216, 8, 44, 16, 166, 75, 77, 5, 6, 210, 98, 17, 248, 33, 121, 66, 195, 3, 65, 171, 111, 160, 209, 76, 73, 161, 164, 19, 178, 89], [75, 166, 16, 44, 8, 216, 233, 40, 33, 248, 17, 98, 210, 6, 5, 77, 160, 111, 171, 65, 3, 195, 66, 121, 89, 178, 19, 164, 161, 73, 76, 209], [166, 75, 44, 16, 216, 8, 40, 233, 248, 33, 98, 17, 6, 210, 77, 5, 111, 160, 65, 171, 195, 3, 121, 66, 178, 89, 164, 19, 73, 161, 209, 76], [16, 44, 75, 166, 233, 40, 8, 216, 17, 98, 33, 248, 5, 77, 210, 6, 171, 65, 160, 111, 66, 121, 3, 195, 19, 164, 89, 178, 76, 209, 161, 73], [44, 16, 166, 75, 40, 233, 216, 8, 98, 17, 248, 33, 77, 5, 6, 210, 65, 171, 111, 160, 121, 66, 195, 3, 164, 19, 178, 89, 209, 76, 73, 161], [161, 73, 76, 209, 89, 178, 19, 164, 3, 195, 66, 121, 160, 111, 171, 65, 210, 6, 5, 77, 33, 248, 17, 98, 8, 216, 233, 40, 75, 166, 16, 44], [73, 161, 209, 76, 178, 89, 164, 19, 195, 3, 121, 66, 111, 160, 65, 171, 6, 210, 77, 5, 248, 33, 98, 17, 216, 8, 40, 233, 166, 75, 44, 16], [76, 209, 161, 73, 19, 164, 89, 178, 66, 121, 3, 195, 171, 65, 160, 111, 5, 77, 210, 6, 17, 98, 33, 248, 233, 40, 8, 216, 16, 44, 75, 166], [209, 76, 73, 161, 164, 19, 178, 89, 121, 66, 195, 3, 65, 171, 111, 160, 77, 5, 6, 210, 98, 17, 248, 33, 40, 233, 216, 8, 44, 16, 166, 75], [89, 178, 19, 164, 161, 73, 76, 209, 160, 111, 171, 65, 3, 195, 66, 121, 33, 248, 17, 98, 210, 6, 5, 77, 75, 166, 16, 44, 8, 216, 233, 40], [178, 89, 164, 19, 73, 161, 209, 76, 111, 160, 65, 171, 195, 3, 121, 66, 248, 33, 98, 17, 6, 210, 77, 5, 166, 75, 44, 16, 216, 8, 40, 233], [19, 164, 89, 178, 76, 209, 161, 73, 171, 65, 160, 111, 66, 121, 3, 195, 17, 98, 33, 248, 5, 77, 210, 6, 16, 44, 75, 166, 233, 40, 8, 216], [164, 19, 178, 89, 209, 76, 73, 161, 65, 171, 111, 160, 121, 66, 195, 3, 98, 17, 248, 33, 77, 5, 6, 210, 44, 16, 166, 75, 40, 233, 216, 8], [3, 195, 66, 121, 160, 111, 171, 65, 161, 73, 76, 209, 89, 178, 19, 164, 8, 216, 233, 40, 75, 166, 16, 44, 210, 6, 5, 77, 33, 248, 17, 98], [195, 3, 121, 66, 111, 160, 65, 171, 73, 161, 209, 76, 178, 89, 164, 19, 216, 8, 40, 233, 166, 75, 44, 16, 6, 210, 77, 5, 248, 33, 98, 17], [66, 121, 3, 195, 171, 65, 160, 111, 76, 209, 161, 73, 19, 164, 89, 178, 233, 40, 8, 216, 16, 44, 75, 166, 5, 77, 210, 6, 17, 98, 33, 248], [121, 66, 195, 3, 65, 171, 111, 160, 209, 76, 73, 161, 164, 19, 178, 89, 40, 233, 216, 8, 44, 16, 166, 75, 77, 5, 6, 210, 98, 17, 248, 33], [160, 111, 171, 65, 3, 195, 66, 121, 89, 178, 19, 164, 161, 73, 76, 209, 75, 166, 16, 44, 8, 216, 233, 40, 33, 248, 17, 98, 210, 6, 5, 77], [111, 160, 65, 171, 195, 3, 121, 66, 178, 89, 164, 19, 73, 161, 209, 76, 166, 75, 44, 16, 216, 8, 40, 233, 248, 33, 98, 17, 6, 210, 77, 5], [171, 65, 160, 111, 66, 121, 3, 195, 19, 164, 89, 178, 76, 209, 161, 73, 16, 44, 75, 166, 233, 40, 8, 216, 17, 98, 33, 248, 5, 77, 210, 6], [65, 171, 111, 160, 121, 66, 195, 3, 164, 19, 178, 89, 209, 76, 73, 161, 44, 16, 166, 75, 40, 233, 216, 8, 98, 17, 248, 33, 77, 5, 6, 210]], 'mat:khoo-9': [[1, 2, 3, 8, 4, 145, 225, 169], [2, 1, 8, 3, 145, 4, 169, 225], [3, 8, 1, 2, 225, 169, 4, 145], [8, 3, 2, 1, 169, 225, 145, 4], [4, 145, 225, 169, 1, 2, 3, 8], [145, 4, 169, 225, 2, 1, 8, 3], [225, 169, 4, 145, 3, 8, 1, 2], [169, 225, 145, 4, 8, 3, 2, 1]], 'mat:khoo-9-inv': [[26, 52, 46, 208, 104, 231, 13, 146], [52, 26, 208, 46, 231, 104, 146, 13], [46, 208, 26, 52, 13, 146, 104, 231], [208, 46, 52, 26, 146, 13, 231, 104], [104, 231, 13, 146, 26, 52, 46, 208], [231, 104, 146, 13, 52, 26, 208, 46], [13, 146, 104, 231, 46, 208, 26, 52], [146, 13, 231, 104, 208, 46, 52, 26]], 'mat:khoo-10': [[1, 2, 6, 8, 9, 12, 13, 10], [2, 1, 8, 6, 12, 9, 10, 13], [6, 8, 1, 2, 13, 10, 9, 12], [8, 6, 2, 1, 10, 13, 12, 9], [9, 12, 13, 10, 1, 2, 6, 8], [12, 9, 10, 13, 2, 1, 8, 6], [13, 10, 9, 12, 6, 8, 1, 2], [10, 13, 12, 9, 8, 6, 2, 1]], 'mat:khoo-10-inv': [[12, 11, 14, 10, 6, 15, 3, 1], [11, 12, 10, 14, 15, 6, 1, 3], [14, 10, 12, 11, 3, 1, 6, 15], [10, 14, 11, 12, 1, 3, 15, 6], [6, 15, 3, 1, 12, 11, 14, 10], [15, 6, 1, 3, 11, 12, 10, 14], [3, 1, 6, 15, 14, 10, 12, 11], [1, 3, 15, 6, 10, 14, 11, 12]], 'mat:khoo-11': [[177, 28, 48, 9, 8, 145, 24, 228, 152, 18, 112, 181, 151, 144, 169, 91], [28, 177, 9, 48, 145, 8, 228, 24, 18, 152, 181, 112, 144, 151, 91, 169], [48, 9, 177, 28, 24, 228, 8, 145, 112, 181, 152, 18, 169, 91, 151, 144], [9, 48, 28, 177, 228, 24, 145, 8, 181, 112, 18, 152, 91, 169, 144, 151], [8, 145, 24, 228, 177, 28, 48, 9, 151, 144, 169, 91, 152, 18, 112, 181], [145, 8, 228, 24, 28, 177, 9, 48, 144, 151, 91, 169, 18, 152, 181, 112], [24, 228, 8, 145, 48, 9, 177, 28, 169, 91, 151, 144, 112, 181, 152, 18], [228, 24, 145, 8, 9, 48, 28, 177, 91, 169, 144, 151, 181, 112, 18, 152], [152, 18, 112, 181, 151, 144, 169, 91, 177, 28, 48, 9, 8, 145, 24, 228], [18, 152, 181, 112, 144, 151, 91, 169, 28, 177, 9, 48, 145, 8, 228, 24], [112, 181, 152, 18, 169, 91, 151, 144, 48, 9, 177, 28, 24, 228, 8, 145], [181, 112, 18, 152, 91, 169, 144, 151, 9, 48, 28, 177, 228, 24, 145, 8], [151, 144, 169, 91, 152, 18, 112, 181, 8, 145, 24, 228, 177, 28, 48, 9], [144, 151, 91, 169, 18, 152, 181, 112, 145, 8, 228, 24, 28, 177, 9, 48], [169, 91, 151, 144, 112, 181, 152, 18, 24, 228, 8, 145, 48, 9, 177, 28], [91, 169, 144, 151, 181, 112, 18, 152, 228, 24, 145, 8, 9, 48, 28, 177]], 'mat:khoo-11-inv': [[76, 139, 191, 246, 106, 39, 190, 231, 209, 47, 105, 121, 233, 187, 242, 15], [139, 76, 246, 191, 39, 106, 231, 190, 47, 209, 121, 105, 187, 233, 15, 242], [191, 246, 76, 139, 190, 231, 106, 39, 105, 121, 209, 47, 242, 15, 233, 187], [246, 191, 139, 76, 231, 190, 39, 106, 121, 105, 47, 209, 15, 242, 187, 233], [106, 39, 190, 231, 76, 139, 191, 246, 233, 187, 242, 15, 209, 47, 105, 121], [39, 106, 231, 190, 139, 76, 246, 191, 187, 233, 15, 242, 47, 209, 121, 105], [190, 231, 106, 39, 191, 246, 76, 139, 242, 15, 233, 187, 105, 121, 209, 47], [231, 190, 39, 106, 246, 191, 139, 76, 15, 242, 187, 233, 121, 105, 47, 209], [209, 47, 105, 121, 233, 187, 242, 15, 76, 139, 191, 246, 106, 39, 190, 231], [47, 209, 121, 105, 187, 233, 15, 242, 139, 76, 246, 191, 39, 106, 231, 190], [105, 121, 209, 47, 242, 15, 233, 187, 191, 246, 76, 139, 190, 231, 106, 39], [121, 105, 47, 209, 15, 242, 187, 233, 246, 191, 139, 76, 231, 190, 39, 106], [233, 187, 242, 15, 209, 47, 105, 121, 106, 39, 190, 231, 76, 139, 191, 246], [187, 233, 15, 242, 47, 209, 121, 105, 39, 106, 231, 190, 139, 76, 246, 191], [242, 15, 233, 187, 105, 121, 209, 47, 190, 231, 106, 39, 191, 246, 76, 139], [15, 242, 187, 233, 121, 105, 47, 209, 231, 190, 39, 106, 246, 191, 139, 76]], 'mat:khoo-12': [[185, 124, 147, 188, 189, 38, 250, 169, 50, 49, 36, 181, 187, 6, 160, 68, 149, 179, 12, 28, 7, 229, 164, 46, 86, 76, 85, 2, 102, 57, 72, 8], [124, 185, 188, 147, 38, 189, 169, 250, 49, 50, 181, 36, 6, 187, 68, 160, 179, 149, 28, 12, 229, 7, 46, 164, 76, 86, 2, 85, 57, 102, 8, 72], [147, 188, 185, 124, 250, 169, 189, 38, 36, 181, 50, 49, 160, 68, 187, 6, 12, 28, 149, 179, 164, 46, 7, 229, 85, 2, 86, 76, 72, 8, 102, 57], [188, 147, 124, 185, 169, 250, 38, 189, 181, 36, 49, 50, 68, 160, 6, 187, 28, 12, 179, 149, 46, 164, 229, 7, 2, 85, 76, 86, 8, 72, 57, 102], [189, 38, 250, 169, 185, 124, 147, 188, 187, 6, 160, 68, 50, 49, 36, 181, 7, 229, 164, 46, 149, 179, 12, 28, 102, 57, 72, 8, 86, 76, 85, 2], [38, 189, 169, 250, 124, 185, 188, 147, 6, 187, 68, 160, 49, 50, 181, 36, 229, 7, 46, 164, 179, 149, 28, 12, 57, 102, 8, 72, 76, 86, 2, 85], [250, 169, 189, 38, 147, 188, 185, 124, 160, 68, 187, 6, 36, 181, 50, 49, 164, 46, 7, 229, 12, 28, 149, 179, 72, 8, 102, 57, 85, 2, 86, 76], [169, 250, 38, 189, 188, 147, 124, 185, 68, 160, 6, 187, 181, 36, 49, 50, 46, 164, 229, 7, 28, 12, 179, 149, 8, 72, 57, 102, 2, 85, 76, 86], [50, 49, 36, 181, 187, 6, 160, 68, 185, 124, 147, 188, 189, 38, 250, 169, 86, 76, 85, 2, 102, 57, 72, 8, 149, 179, 12, 28, 7, 229, 164, 46], [49, 50, 181, 36, 6, 187, 68, 160, 124, 185, 188, 147, 38, 189, 169, 250, 76, 86, 2, 85, 57, 102, 8, 72, 179, 149, 28, 12, 229, 7, 46, 164], [36, 181, 50, 49, 160, 68, 187, 6, 147, 188, 185, 124, 250, 169, 189, 38, 85, 2, 86, 76, 72, 8, 102, 57, 12, 28, 149, 179, 164, 46, 7, 229], [181, 36, 49, 50, 68, 160, 6, 187, 188, 147, 124, 185, 169, 250, 38, 189, 2, 85, 76, 86, 8, 72, 57, 102, 28, 12, 179, 149, 46, 164, 229, 7], [187, 6, 160, 68, 50, 49, 36, 181, 189, 38, 250, 169, 185, 124, 147, 188, 102, 57, 72, 8, 86, 76, 85, 2, 7, 229, 164, 46, 149, 179, 12, 28], [6, 187, 68, 160, 49, 50, 181, 36, 38, 189, 169, 250, 124, 185, 188, 147, 57, 102, 8, 72, 76, 86, 2, 85, 229, 7, 46, 164, 179, 149, 28, 12], [160, 68, 187, 6, 36, 181, 50, 49, 250, 169, 189, 38, 147, 188, 185, 124, 72, 8, 102, 57, 85, 2, 86, 76, 164, 46, 7, 229, 12, 28, 149, 179], [68, 160, 6, 187, 181, 36, 49, 50, 169, 250, 38, 189, 188, 147, 124, 185, 8, 72, 57, 102, 2, 85, 76, 86, 46, 164, 229, 7, 28, 12, 179, 149], [149, 179, 12, 28, 7, 229, 164, 46, 86, 76, 85, 2, 102, 57, 72, 8, 185, 124, 147, 188, 189, 38, 250, 169, 50, 49, 36, 181, 187, 6, 160, 68], [179, 149, 28, 12, 229, 7, 46, 164, 76, 86, 2, 85, 57, 102, 8, 72, 124, 185, 188, 147, 38, 189, 169, 250, 49, 50, 181, 36, 6, 187, 68, 160], [12, 28, 149, 179, 164, 46, 7, 229, 85, 2, 86, 76, 72, 8, 102, 57, 147, 188, 185, 124, 250, 169, 189, 38, 36, 181, 50, 49, 160, 68, 187, 6], [28, 12, 179, 149, 46, 164, 229, 7, 2, 85, 76, 86, 8, 72, 57, 102, 188, 147, 124, 185, 169, 250, 38, 189, 181, 36, 49, 50, 68, 160, 6, 187], [7, 229, 164, 46, 149, 179, 12, 28, 102, 57, 72, 8, 86, 76, 85, 2, 189, 38, 250, 169, 185, 124, 147, 188, 187, 6, 160, 68, 50, 49, 36, 181], [229, 7, 46, 164, 179, 149, 28, 12, 57, 102, 8, 72, 76, 86, 2, 85, 38, 189, 169, 250, 124, 185, 188, 147, 6, 187, 68, 160, 49, 50, 181, 36], [164, 46, 7, 229, 12, 28, 149, 179, 72, 8, 102, 57, 85, 2, 86, 76, 250, 169, 189, 38, 147, 188, 185, 124, 160, 68, 187, 6, 36, 181, 50, 49], [46, 164, 229, 7, 28, 12, 179, 149, 8, 72, 57, 102, 2, 85, 76, 86, 169, 250, 38, 189, 188, 147, 124, 185, 68, 160, 6, 187, 181, 36, 49, 50], [86, 76, 85, 2, 102, 57, 72, 8, 149, 179, 12, 28, 7, 229, 164, 46, 50, 49, 36, 181, 187, 6, 160, 68, 185, 124, 147, 188, 189, 38, 250, 169], [76, 86, 2, 85, 57, 102, 8, 72, 179, 149, 28, 12, 229, 7, 46, 164, 49, 50, 181, 36, 6, 187, 68, 160, 124, 185, 188, 147, 38, 189, 169, 250], [85, 2, 86, 76, 72, 8, 102, 57, 12, 28, 149, 179, 164, 46, 7, 229, 36, 181, 50, 49, 160, 68, 187, 6, 147, 188, 185, 124, 250, 169, 189, 38], [2, 85, 76, 86, 8, 72, 57, 102, 28, 12, 179, 149, 46, 164, 229, 7, 181, 36, 49, 50, 68, 160, 6, 187, 188, 147, 124, 185, 169, 250, 38, 189], [102, 57, 72, 8, 86, 76, 85, 2, 7, 229, 164, 46, 149, 179, 12, 28, 187, 6, 160, 68, 50, 49, 36, 181, 189, 38, 250, 169, 185, 124, 147, 188], [57, 102, 8, 72, 76, 86, 2, 85, 229, 7, 46, 164, 179, 149, 28, 12, 6, 187, 68, 160, 49, 50, 181, 36, 38, 189, 169, 250, 124, 185, 188, 147], [72, 8, 102, 57, 85, 2, 86, 76, 164, 46, 7, 229, 12, 28, 149, 179, 160, 68, 187, 6, 36, 181, 50, 49, 250, 169, 189, 38, 147, 188, 185, 124], [8, 72, 57, 102, 2, 85, 76, 86, 46, 164, 229, 7, 28, 12, 179, 149, 68, 160, 6, 187, 181, 36, 49, 50, 169, 250, 38, 189, 188, 147, 124, 185]], 'mat:khoo-12-inv': [[169, 183, 127, 178, 181, 242, 163, 217, 158, 151, 252, 141, 167, 18, 230, 31, 109, 159, 36, 84, 21, 254, 250, 202, 97, 39, 104, 14, 241, 175, 59, 56], [183, 169, 178, 127, 242, 181, 217, 163, 151, 158, 141, 252, 18, 167, 31, 230, 159, 109, 84, 36, 254, 21, 202, 250, 39, 97, 14, 104, 175, 241, 56, 59], [127, 178, 169, 183, 163, 217, 181, 242, 252, 141, 158, 151, 230, 31, 167, 18, 36, 84, 109, 159, 250, 202, 21, 254, 104, 14, 97, 39, 59, 56, 241, 175], [178, 127, 183, 169, 217, 163, 242, 181, 141, 252, 151, 158, 31, 230, 18, 167, 84, 36, 159, 109, 202, 250, 254, 21, 14, 104, 39, 97, 56, 59, 175, 241], [181, 242, 163, 217, 169, 183, 127, 178, 167, 18, 230, 31, 158, 151, 252, 141, 21, 254, 250, 202, 109, 159, 36, 84, 241, 175, 59, 56, 97, 39, 104, 14], [242, 181, 217, 163, 183, 169, 178, 127, 18, 167, 31, 230, 151, 158, 141, 252, 254, 21, 202, 250, 159, 109, 84, 36, 175, 241, 56, 59, 39, 97, 14, 104], [163, 217, 181, 242, 127, 178, 169, 183, 230, 31, 167, 18, 252, 141, 158, 151, 250, 202, 21, 254, 36, 84, 109, 159, 59, 56, 241, 175, 104, 14, 97, 39], [217, 163, 242, 181, 178, 127, 183, 169, 31, 230, 18, 167, 141, 252, 151, 158, 202, 250, 254, 21, 84, 36, 159, 109, 56, 59, 175, 241, 14, 104, 39, 97], [158, 151, 252, 141, 167, 18, 230, 31, 169, 183, 127, 178, 181, 242, 163, 217, 97, 39, 104, 14, 241, 175, 59, 56, 109, 159, 36, 84, 21, 254, 250, 202], [151, 158, 141, 252, 18, 167, 31, 230, 183, 169, 178, 127, 242, 181, 217, 163, 39, 97, 14, 104, 175, 241, 56, 59, 159, 109, 84, 36, 254, 21, 202, 250], [252, 141, 158, 151, 230, 31, 167, 18, 127, 178, 169, 183, 163, 217, 181, 242, 104, 14, 97, 39, 59, 56, 241, 175, 36, 84, 109, 159, 250, 202, 21, 254], [141, 252, 151, 158, 31, 230, 18, 167, 178, 127, 183, 169, 217, 163, 242, 181, 14, 104, 39, 97, 56, 59, 175, 241, 84, 36, 159, 109, 202, 250, 254, 21], [167, 18, 230, 31, 158, 151, 252, 141, 181, 242, 163, 217, 169, 183, 127, 178, 241, 175, 59, 56, 97, 39, 104, 14, 21, 254, 250, 202, 109, 159, 36, 84], [18, 167, 31, 230, 151, 158, 141, 252, 242, 181, 217, 163, 183, 169, 178, 127, 175, 241, 56, 59, 39, 97, 14, 104, 254, 21, 202, 250, 159, 109, 84, 36], [230, 31, 167, 18, 252, 141, 158, 151, 163, 217, 181, 242, 127, 178, 169, 183, 59, 56, 241, 175, 104, 14, 97, 39, 250, 202, 21, 254, 36, 84, 109, 159], [31, 230, 18, 167, 141, 252, 151, 158, 217, 163, 242, 181, 178, 127, 183, 169, 56, 59, 175, 241, 14, 104, 39, 97, 202, 250, 254, 21, 84, 36, 159, 109], [109, 159, 36, 84, 21, 254, 250, 202, 97, 39, 104, 14, 241, 175, 59, 56, 169, 183, 127, 178, 181, 242, 163, 217, 158, 151, 252, 141, 167, 18, 230, 31], [159, 109, 84, 36, 254, 21, 202, 250, 39, 97, 14, 104, 175, 241, 56, 59, 183, 169, 178, 127, 242, 181, 217, 163, 151, 158, 141, 252, 18, 167, 31, 230], [36, 84, 109, 159, 250, 202, 21, 254, 104, 14, 97, 39, 59, 56, 241, 175, 127, 178, 169, 183, 163, 217, 181, 242, 252, 141, 158, 151, 230, 31, 167, 18], [84, 36, 159, 109, 202, 250, 254, 21, 14, 104, 39, 97, 56, 59, 175, 241, 178, 127, 183, 169, 217, 163, 242, 181, 141, 252, 151, 158, 31, 230, 18, 167], [21, 254, 250, 202, 109, 159, 36, 84, 241, 175, 59, 56, 97, 39, 104, 14, 181, 242, 163, 217, 169, 183, 127, 178, 167, 18, 230, 31, 158, 151, 252, 141], [254, 21, 202, 250, 159, 109, 84, 36, 175, 241, 56, 59, 39, 97, 14, 104, 242, 181, 217, 163, 183, 169, 178, 127, 18, 167, 31, 230, 151, 158, 141, 252], [250, 202, 21, 254, 36, 84, 109, 159, 59, 56, 241, 175, 104, 14, 97, 39, 163, 217, 181, 242, 127, 178, 169, 183, 230, 31, 167, 18, 252, 141, 158, 151], [202, 250, 254, 21, 84, 36, 159, 109, 56, 59, 175, 241, 14, 104, 39, 97, 217, 163, 242, 181, 178, 127, 183, 169, 31, 230, 18, 167, 141, 252, 151, 158], [97, 39, 104, 14, 241, 175, 59, 56, 109, 159, 36, 84, 21, 254, 250, 202, 158, 151, 252, 141, 167, 18, 230, 31, 169, 183, 127, 178, 181, 242, 163, 217], [39, 97, 14, 104, 175, 241, 56, 59, 159, 109, 84, 36, 254, 21, 202, 250, 151, 158, 141, 252, 18, 167, 31, 230, 183, 169, 178, 127, 242, 181, 217, 163], [104, 14, 97, 39, 59, 56, 241, 175, 36, 84, 109, 159, 250, 202, 21, 254, 252, 141, 158, 151, 230, 31, 167, 18, 127, 178, 169, 183, 163, 217, 181, 242], [14, 104, 39, 97, 56, 59, 175, 241, 84, 36, 159, 109, 202, 250, 254, 21, 141, 252, 151, 158, 31, 230, 18, 167, 178, 127, 183, 169, 217, 163, 242, 181], [241, 175, 59, 56, 97, 39, 104, 14, 21, 254, 250, 202, 109, 159, 36, 84, 167, 18, 230, 31, 158, 151, 252, 141, 181, 242, 163, 217, 169, 183, 127, 178], [175, 241, 56, 59, 39, 97, 14, 104, 254, 21, 202, 250, 159, 109, 84, 36, 18, 167, 31, 230, 151, 158, 141, 252, 242, 181, 217, 163, 183, 169, 178, 127], [59, 56, 241, 175, 104, 14, 97, 39, 250, 202, 21, 254, 36, 84, 109, 159, 230, 31, 167, 18, 252, 141, 158, 151, 163, 217, 181, 242, 127, 178, 169, 183], [56, 59, 175, 241, 14, 104, 39, 97, 202, 250, 254, 21, 84, 36, 159, 109, 31, 230, 18, 167, 141, 252, 151, 158, 217, 163, 242, 181, 178, 127, 183, 169]], 'mat:khoo-14': [[1, 2, 6, 4], [2, 1, 4, 6], [6, 4, 1, 2], [4, 6, 2, 1]], 'mat:gupta-pandey-IDEA-inv': [[470, 58212, 763, 30977, 65024, 18914, 64814, 11360], [11360, 470, 58212, 763, 30977, 65024, 18914, 64814], [64814, 11360, 470, 58212, 763, 30977, 65024, 18914], [18914, 64814, 11360, 470, 58212, 763, 30977, 65024], [65024, 18914, 64814, 11360, 470, 58212, 763, 30977], [30977, 65024, 18914, 64814, 11360, 470, 58212, 763], [763, 30977, 65024, 18914, 64814, 11360, 470, 58212], [58212, 763, 30977, 65024, 18914, 64814, 11360, 470]], 'mat:gupta-pandey-24-2-inv': [[1, 204, 34, 237, 2, 1], [1, 1, 204, 34, 237, 2], [2, 1, 1, 204, 34, 237], [237, 2, 1, 1, 204, 34], [34, 237, 2, 1, 1, 204], [204, 34, 237, 2, 1, 1]], 'mat:gupta-pandey-34-2-inv': [[1, 204, 34, 237, 2, 1], [1, 1, 204, 34, 237, 2], [2, 1, 1, 204, 34, 237], [237, 2, 1, 1, 204, 34], [34, 237, 2, 1, 1, 204], [204, 34, 237, 2, 1, 1]], 'mat:duwal-1': [[2, 1, 1], [1, 2, 1], [1, 1, 2]], 'mat:duwal-2': [[3, 2, 2], [2, 3, 2], [2, 2, 3]], 'mat:duwal-3': [[2, 1, 3], [1, 1, 1], [3, 1, 2]], 'mat:duwal-3-inv': [[3, 1, 2], [1, 1, 1], [2, 1, 3]], 'mat:duwal-4': [[3, 1, 3], [1, 1, 2], [2, 1, 1]], 'mat:duwal-5': [[2, 1, 1], [1, 2, 1], [1, 1, 2]], 'mat:duwal-6': [[2, 2, 3, 1], [1, 3, 6, 4], [3, 1, 4, 4], [3, 2, 1, 3]], 'mat:duwal-8': [[2, 2, 3, 1], [1, 3, 6, 4], [3, 1, 4, 4], [3, 2, 1, 3]], 'mat:duwal-9': [[5, 7, 1, 3], [4, 6, 1, 1], [1, 3, 5, 7], [1, 1, 4, 6]], 'mat:duwal-10': [[6, 7, 1, 5], [2, 3, 1, 1], [1, 5, 6, 7], [1, 1, 2, 3]], 'mat:duwal-11': [[3, 2, 1, 3], [2, 3, 1, 1], [4, 3, 6, 4], [1, 1, 4, 6]], 'mat:duwal-13': [[1, 2, 4, 3], [2, 3, 2, 3], [3, 3, 5, 1], [3, 1, 1, 3]], 'mat:liu-sim-15-inv': [[34, 196, 104, 231, 233, 56, 73, 84], [196, 104, 231, 233, 56, 73, 84, 34], [104, 231, 233, 56, 73, 84, 34, 196], [231, 233, 56, 73, 84, 34, 196, 104], [233, 56, 73, 84, 34, 196, 104, 231], [56, 73, 84, 34, 196, 104, 231, 233], [73, 84, 34, 196, 104, 231, 233, 56], [84, 34, 196, 104, 231, 233, 56, 73]], 'mat:liu-sim-16-inv': [[37, 198, 199, 169, 251, 242, 179, 155], [198, 199, 169, 251, 242, 179, 155, 37], [199, 169, 251, 242, 179, 155, 37, 198], [169, 251, 242, 179, 155, 37, 198, 199], [251, 242, 179, 155, 37, 198, 199, 169], [242, 179, 155, 37, 198, 199, 169, 251], [179, 155, 37, 198, 199, 169, 251, 242], [155, 37, 198, 199, 169, 251, 242, 179]], 'mat:liu-sim-13-inv': [[75, 67, 140, 133, 101, 146, 4, 153], [67, 140, 133, 101, 146, 4, 153, 75], [140, 133, 101, 146, 4, 153, 75, 67], [133, 101, 146, 4, 153, 75, 67, 140], [101, 146, 4, 153, 75, 67, 140, 133], [146, 4, 153, 75, 67, 140, 133, 101], [4, 153, 75, 67, 140, 133, 101, 146], [153, 75, 67, 140, 133, 101, 146, 4]], 'mat:liu-sim-14-inv': [[42, 157, 18, 39, 186, 15, 210, 167], [157, 18, 39, 186, 15, 210, 167, 42], [18, 39, 186, 15, 210, 167, 42, 157], [39, 186, 15, 210, 167, 42, 157, 18], [186, 15, 210, 167, 42, 157, 18, 39], [15, 210, 167, 42, 157, 18, 39, 186], [210, 167, 42, 157, 18, 39, 186, 15], [167, 42, 157, 18, 39, 186, 15, 210]], 'mat:liu-sim-10-inv': [[9, 12, 2, 6, 7, 14], [12, 2, 6, 7, 14, 9], [2, 6, 7, 14, 9, 12], [6, 7, 14, 9, 12, 2], [7, 14, 9, 12, 2, 6], [14, 9, 12, 2, 6, 7]], 'mat:liu-sim-11-inv': [[214, 250, 238, 247, 248, 199, 248, 33], [250, 238, 247, 248, 199, 248, 33, 214], [238, 247, 248, 199, 248, 33, 214, 250], [247, 248, 199, 248, 33, 214, 250, 238], [248, 199, 248, 33, 214, 250, 238, 247], [199, 248, 33, 214, 250, 238, 247, 248], [248, 33, 214, 250, 238, 247, 248, 199], [33, 214, 250, 238, 247, 248, 199, 248]], 'mat:liu-sim-12-inv': [[140, 236, 67, 10, 152, 54, 121, 109], [236, 67, 10, 152, 54, 121, 109, 140], [67, 10, 152, 54, 121, 109, 140, 236], [10, 152, 54, 121, 109, 140, 236, 67], [152, 54, 121, 109, 140, 236, 67, 10], [54, 121, 109, 140, 236, 67, 10, 152], [121, 109, 140, 236, 67, 10, 152, 54], [109, 140, 236, 67, 10, 152, 54, 121]], 'mat:liu-sim-7-inv': [[7, 7, 9], [7, 9, 7], [9, 7, 7]], 'mat:liu-sim-8-inv': [[12, 8, 7, 7], [8, 7, 7, 12], [7, 7, 12, 8], [7, 12, 8, 7]], 'mat:liu-sim-9-inv': [[5, 5, 9, 1, 9], [5, 9, 1, 9, 5], [9, 1, 9, 5, 5], [1, 9, 5, 5, 9], [9, 5, 5, 9, 1]], 'mat:liu-sim-4-inv': [[17, 88, 144, 15, 84, 192], [88, 144, 15, 84, 192, 17], [144, 15, 84, 192, 17, 88], [15, 84, 192, 17, 88, 144], [84, 192, 17, 88, 144, 15], [192, 17, 88, 144, 15, 84]], 'mat:liu-sim-5-inv': [[230, 230, 112, 15, 145, 15, 112], [230, 112, 15, 145, 15, 112, 230], [112, 15, 145, 15, 112, 230, 230], [15, 145, 15, 112, 230, 230, 112], [145, 15, 112, 230, 230, 112, 15], [15, 112, 230, 230, 112, 15, 145], [112, 230, 230, 112, 15, 145, 15]], 'mat:liu-sim-6-inv': [[93, 196, 184, 129, 95, 90, 34, 150], [196, 184, 129, 95, 90, 34, 150, 93], [184, 129, 95, 90, 34, 150, 93, 196], [129, 95, 90, 34, 150, 93, 196, 184], [95, 90, 34, 150, 93, 196, 184, 129], [90, 34, 150, 93, 196, 184, 129, 95], [34, 150, 93, 196, 184, 129, 95, 90], [150, 93, 196, 184, 129, 95, 90, 34]], 'mat:liu-sim-1-inv': [[95, 95, 225], [95, 225, 95], [225, 95, 95]], 'mat:liu-sim-2-inv': [[85, 65, 113, 90], [65, 113, 90, 85], [113, 90, 85, 65], [90, 85, 65, 113]], 'mat:liu-sim-3-inv': [[9, 9, 194, 4, 194], [9, 194, 4, 194, 9], [194, 4, 194, 9, 9], [4, 194, 9, 9, 194], [194, 9, 9, 194, 4]], 'mat:gupta-pandey-34-1-inv': [[2, 94, 93], [93, 2, 94], [94, 93, 2]], 'mat:gupta-pandey-24-1-inv': [[2, 94, 93], [93, 2, 94], [94, 93, 2]], 'mat:gupta-pandey-23-inv': [[2, 3], [3, 2]], 'mat:gupta-pandey-5-inv': [[9, 12, 5], [7, 9, 14], [15, 4, 10]], 'mat:gupta-pandey-3-inv': [[6, 4, 2, 14], [4, 6, 14, 2], [2, 14, 6, 4], [14, 2, 4, 6]], 'mat:gupta-pandey-2-inv': [[12, 6, 2], [6, 10, 3], [2, 3, 7]], 'mat:gupta-pandey-1-inv': [[6, 1, 13], [12, 13, 12], [4, 7, 13]], 'mat:liu-sim-1': [[1, 1, 2], [1, 2, 1], [2, 1, 1]], 'mat:liu-sim-2': [[1, 1, 2, 145], [1, 2, 145, 1], [2, 145, 1, 1], [145, 1, 1, 2]], 'mat:liu-sim-3': [[1, 1, 2, 145, 2], [1, 2, 145, 2, 1], [2, 145, 2, 1, 1], [145, 2, 1, 1, 2], [2, 1, 1, 2, 145]], 'mat:liu-sim-4': [[1, 2, 225, 145, 1, 8], [2, 225, 145, 1, 8, 1], [225, 145, 1, 8, 1, 2], [145, 1, 8, 1, 2, 225], [1, 8, 1, 2, 225, 145], [8, 1, 2, 225, 145, 1]], 'mat:liu-sim-5': [[1, 1, 145, 2, 4, 2, 145], [1, 145, 2, 4, 2, 145, 1], [145, 2, 4, 2, 145, 1, 1], [2, 4, 2, 145, 1, 1, 145], [4, 2, 145, 1, 1, 145, 2], [2, 145, 1, 1, 145, 2, 4], [145, 1, 1, 145, 2, 4, 2]], 'mat:liu-sim-6': [[1, 1, 2, 225, 8, 224, 1, 169], [1, 2, 225, 8, 224, 1, 169, 1], [2, 225, 8, 224, 1, 169, 1, 1], [225, 8, 224, 1, 169, 1, 1, 2], [8, 224, 1, 169, 1, 1, 2, 225], [224, 1, 169, 1, 1, 2, 225, 8], [1, 169, 1, 1, 2, 225, 8, 224], [169, 1, 1, 2, 225, 8, 224, 1]], 'mat:liu-sim-7': [[1, 1, 2], [1, 2, 1], [2, 1, 1]], 'mat:liu-sim-8': [[1, 1, 9, 4], [1, 9, 4, 1], [9, 4, 1, 1], [4, 1, 1, 9]], 'mat:liu-sim-9': [[2, 2, 9, 1, 9], [2, 9, 1, 9, 2], [9, 1, 9, 2, 2], [1, 9, 2, 2, 9], [9, 2, 2, 9, 1]], 'mat:liu-sim-10': [[1, 1, 9, 12, 9, 3], [1, 9, 12, 9, 3, 1], [9, 12, 9, 3, 1, 1], [12, 9, 3, 1, 1, 9], [9, 3, 1, 1, 9, 12], [3, 1, 1, 9, 12, 9]], 'mat:liu-sim-11': [[1, 1, 145, 2, 4, 2, 18, 145], [1, 145, 2, 4, 2, 18, 145, 1], [145, 2, 4, 2, 18, 145, 1, 1], [2, 4, 2, 18, 145, 1, 1, 145], [4, 2, 18, 145, 1, 1, 145, 2], [2, 18, 145, 1, 1, 145, 2, 4], [18, 145, 1, 1, 145, 2, 4, 2], [145, 1, 1, 145, 2, 4, 2, 18]], 'mat:liu-sim-12': [[1, 1, 4, 2, 169, 145, 2, 3], [1, 4, 2, 169, 145, 2, 3, 1], [4, 2, 169, 145, 2, 3, 1, 1], [2, 169, 145, 2, 3, 1, 1, 4], [169, 145, 2, 3, 1, 1, 4, 2], [145, 2, 3, 1, 1, 4, 2, 16